795499610
795501085
795501092
795501094
795504867
795504870
795504880
795505860
795505917
795507284
795507559
795507817
795507856
795540006
795546582
795546583
795546584
795558090
795558163
795558202
795558330
795558343
795674997
795732598
795787428
795787431
795787443
795803839
795803950
795803951
795838686
795843267
795862879
795893093
795893169
795893752
795893784
795893967
795897328
795914895
795920994
796151851
796152507
796181626
796208710
796234235
796307041
796367774
796369495
796369497
796401731
796453901
796554449
796555591
796555592
796555593
796563610
796566135
796568117
796569861
796569862
796573399
796575218
796575219
796575220
796575222
796575223
796575224
796575225
796575333
796575338
796575339
796611163
796617963
796617987
796631720
796635201
796721711
802874586
803083878
803083880
803083883
803083905
803083909
803083933
803083934
803083937
803083938
803083940
803083941
803083943
803083944
803083957
803083959
803083962
803083965
803083966
803083968
803083969
803083978
803083979
803083981
803083982
803083983
803083985
803083987
803083989
803083990
803083991
803083993
803083994
803083995
803083997
803083998
803084000
803084001
803084002
803084004
803084005
803084008
803084009
803084010
803084012
803084013
803084015
803084016
803084017
803084019
803084020
803084021
803084023
803084024
803084026
803084027
803084028
803084030
803084032
803084033
803084035
803084036
803084038
803084039
803084040
803084042
803084043
803084045
803084046
803084048
803084049
803084050
803084052
803084053
803084054
803084057
803084058
803084060
803084061
803084062
803084064
803084065
803084066
803084068
803084069
803084071
803084072
803084073
803084076
803084077
803084078
803084080
803084081
803084083
803084084
803084085
803084087
803084088
803084090
803084091
803084092
803084094
803084095
803084097
803084099
803084100
803084102
803084103
803084104
803084107
803084109
803084111
803084113
803084114
803084116
803084117
803084118
803084120
803084121
803084122
803084123
803084124
803084125
803084126
803084127
803084128
803084129
803084130
803084131
803084132
803084133
803084134
803084135
803084136
803084137
803084138
803084139
803084141
803084142
803084143
803084144
803084145
803084146
803084147
803084148
803084149
803084150
803084151
803084152
803084153
803084154
803084156
803084160
803084161
803107485
803107489
803107492
803107501
803107504
803107551
803107620
803107675
803107679
803107702
803108421
803108640
803108759
803109154
803109642
803109666
803109679
803110089
803110095
803110136
803110144
803110149
803110166
803110176
803110213
803112808
803115699
803119086
803119382
803121626
803121815
803123390
803140853
803190461
803190536
803190565
803190569
803190569
803190614
803190668
803190673
803190711
803190724
803190750
803190837
803190839
803190853
803190857
803190871
803190900
803190909
803190926
803190967
803190977
803190995
803191005
803191712
803191715
803191723
803191730
803191744
803191765
803191809
803191826
803191836
803191876
803191879
803191913
803191921
803191993
803192016
803192050
803192201
803192282
803192301
803192329
803192443
803192454
803192484
803192486
803192496
803192512
803192537
803192546
803192632
803192668
803192700
803192701
803192709
803192716
803192734
803192793
803192801
803192806
803192830
803192851
803192864
803192869
803192890
803192903
803192912
803192930
803192948
803193020
803193030
803193065
803193155
803193205
803193247
803193350
803193367
803193454
803193640
803193688
803193812
803193936
803193966
803194136
803194140
803194985
803195310
803195463
803195679
803195768
803195940
803195995
803196120
803197480
803197865
803197887
803197912
803197944
803197945
803197954
803197956
803197958
803197966
803197979
803197987
803198002
803198024
803198032
803198034
803198043
803198063
803198068
803198077
803198085
803198086
803198096
803198105
803199037
803199051
803199054
803199056
803199057
803199059
803199060
803199066
803199070
803199071
803199090
803199092
803199101
803199114
803199141
803199144
803199172
803199177
803199189
803199191
803199192
803199214
803199215
803199241
803199243
803199264
803199274
803199275
803199283
803199303
803199322
803199327
803199330
803199333
803199337
803199345
803199346
803199389
803199391
803199396
803199399
803199421
803199427
803199440
803199467
803199476
803199495
803199498
803199508
803199532
803199555
803199566
803199570
803199572
803199574
803199579
803199581
803199585
803199591
803199608
803199618
803199630
803199632
803199635
803199650
803199652
803199683
803199686
803199687
803199705
803199710
803199712
803199728
803199729
803199743
803199750
803199759
803199769
803199775
803199804
803199811
803199812
803199835
803199837
803199842
803199847
803199849
803199855
803199867
803199874
803199882
803200834
803200835
803200847
803200849
803200853
803200866
803200873
803200884
803200892
803200930
803200946
803200949
803200953
803200959
803200976
803200979
803200981
803200983
803200991
803200995
803201010
803201027
803201053
803201060
803201070
803201075
803201086
803201091
803201104
803201109
803201114
803201126
803201165
803201167
803201173
803201179
803201180
803201203
803201233
803201234
803201244
803201249
803201260
803201266
803201268
803201279
803201293
803201304
803201327
803201346
803201373
803201381
803201386
803201390
803201406
803201407
803201409
803201418
803201431
803201433
803201436
803201441
803201466
803201478
803201608
803201615
803201628
803201635
803201647
803201679
803201697
803201719
803201782
803225046
803479142
803547622
803630050
803709831
803835707
803867639
803909627
803909640
803909643
803909646
803909649
803909651
803909654
803909660
803909666
803909682
803909709
803909713
803909729
803909733
803909736
803909750
803909760
803909761
803909772
803909801
803909810
803909830
803909832
803909833
803909867
803909870
803909872
803909874
803909896
803909898
803909900
803909937
803909940
803909945
803909955
803909958
803909967
803909971
803909980
803909984
803909994
803909995
803909997
803909999
803910001
803910025
803910031
803910035
803910042
803910050
803910058
803910060
803910077
803910091
803910094
803910101
803910118
803910126
803910137
803910142
803910144
803910148
803910151
803910154
803910164
803910172
803910177
803910185
803910194
803910201
803910213
803910219
803910221
803910232
803910243
803910257
803910259
803910271
803910273
803910278
803910293
803910297
803910324
803910354
803910358
803910377
803910396
803910397
803910403
803910413
803910424
803910425
803910428
803910436
803910439
803910441
803910452
803910458
803910473
803910477
803910486
803910495
803910499
803910504
803910507
803910516
803910520
803910525
803910527
803910534
803910535
803910541
803910543
803910548
803910555
803910560
803910570
803910572
803910573
803910577
803910582
803910585
803910597
803910605
803910610
803910613
803910615
803910625
803910626
803910642
803910644
803910661
803910664
803910669
803910673
803910687
803910697
803910699
803910701
803910702
803910716
803910718
803910722
803910723
803910725
803910726
803910733
803910735
803910738
803910742
803910745
803910749
803910753
803910754
803910755
803910759
803910760
803910761
803910767
803910772
803910777
803910783
803910784
803910801
803910803
803910808
803910810
803910812
803910826
803910834
803910835
803910837
803910844
803910847
803910849
803910853
803910855
803910865
803910867
803910872
803910876
803910882
803910884
803910897
803910904
803910923
803910933
803910943
803910949
803910976
803910981
803910984
803910985
803911012
803911015
803911052
803911053
803911056
803911061
803911062
803911067
803911068
803911069
803911070
803911084
803911088
803911089
803911099
803911100
803911108
803911121
803911128
803911137
803911151
803911166
803911167
803911172
803911173
803911196
803911200
803911203
803911204
803911216
803911218
803911233
803911248
803911253
803911254
803911264
803911273
803911274
803911283
803911287
803911290
803911309
803911311
803911315
803911318
803911322
803911323
803911335
803911336
803911338
803911351
803911355
803911357
803911359
803911367
803911370
803911372
803911378
803911386
803911389
803911393
803911396
803911400
803911412
803911413
803911414
803911419
803911434
803911435
803911444
803911446
803911458
803911459
803911460
803911461
803911477
803911489
803911504
803911513
803911528
803911530
803911532
803911542
803911546
803911550
803911553
803911557
803911558
803911570
803911572
803911577
803911579
803911582
803911589
803911596
803911598
803911600
803911601
803911605
803911615
803911617
803911621
803911624
803911643
803911644
803911654
803911655
803911660
803911664
803911667
803911674
803911676
803911680
803911683
803911685
803911693
803911697
803911699
803911700
803911703
803911704
803911709
803911711
803911715
803911718
803911719
803911720
803911721
803911722
803911730
803911734
803911737
803911744
803911746
803911749
803911753
803911759
803911760
803911762
803911763
803911771
803911784
803911790
803911792
803911794
803911795
803911805
803911816
803911821
803911822
803911828
803911830
803911834
803911847
803911849
803911850
803911854
803911860
803911866
803911887
803911888
803911892
803911893
803911904
803911909
803911910
803911912
803911922
803911925
803911926
803911927
803911935
803911937
803911939
803911940
803911943
803911949
803911953
803911956
803911958
803911959
803911967
803911976
803911979
803911991
803911993
803911994
803911995
803911998
803912001
803912003
803912014
803912016
803912019
803912025
803912026
803912030
803912037
803912038
803912049
803912051
803912054
803912055
803912069
803912079
803912086
803912087
803912089
803912093
803912096
803912097
803912100
803912101
803912107
803912117
803912121
803912128
803912130
803912131
803912137
803912144
803912155
803912156
803912162
803912173
803912175
803912179
803912185
803912186
803912193
803912195
803912199
803912200
803912208
803912209
803912210
803912211
803912218
803912239
803912249
803912263
803912269
803912281
803912285
803912287
803912288
803912292
803912296
803912300
803912303
803912306
803912315
803912319
803912323
803912325
803912329
803912339
803912345
803912350
803912351
803912356
803912365
803912371
803912372
803912373
803912386
803912389
803912394
803912400
803912401
803912407
803912409
803912411
803912416
803912418
803912419
803912422
803912423
803912424
803912445
803912447
803912449
803912464
803912476
803912478
803912480
803912483
803912485
803912489
803912496
803912498
803912504
803912508
803912523
803912524
803912528
803912531
803912555
803912557
803912558
803912564
803912565
803912571
803912581
803912590
803912600
803912604
803912617
803912619
803912623
803912625
803912632
803912640
803912641
803912645
803912650
803912652
803912661
803912666
803912683
803912686
803912692
803912701
803912711
803912723
803912725
803912729
803912730
803912734
803912735
803912737
803912742
803912744
803912750
803912754
803912770
803912784
803912797
803912799
803912821
803912834
803912844
803912854
803912855
803912860
803912862
803912873
803912877
803912887
803912908
803912914
803912923
803912930
803912935
803912936
803912950
803912951
803912959
803912971
803912981
803912982
803912990
803912993
803913018
803913025
803913031
803913032
803913035
803913038
803913051
803913062
803913068
803913069
803913070
803913076
803913077
803913078
803913079
803913083
803913088
803913089
803913091
803913093
803913097
803913101
803913102
803913111
803913113
803913119
803913127
803913136
803913140
803913146
803913149
803913154
803913157
803913165
803913167
803913177
803913183
803913188
803913189
803913194
803913196
803913197
803913201
803913202
803913203
803913204
803913206
803913207
803913208
803913210
803913216
803913225
803913230
803913242
803913250
803913256
803913257
803913261
803913263
803913277
803913286
803913297
803913298
803913302
803913305
803913308
803913312
803913317
803913324
803913329
803913339
803913342
803913345
803913359
803913360
803913364
803913365
803913366
803913374
803913377
803913379
803913381
803913384
803913390
803913391
803913417
803913419
803913425
803913427
803913437
803913445
803913447
803913448
803913450
803913453
803913456
803913457
803913462
803913466
803913480
803988653
803988668
803988673
803988763
803988920
803988973
803988992
803989126
803989264
804057967
804242985
804392938
804414151
804414214
804414273
804414282
804414288
804414316
804414334
804414341
804414350
804414353
804414362
804414367
804414378
804414387
804414389
804414394
804414415
804414418
804414423
804414438
804414452
804414491
804414506
804414512
804414515
804414522
804414534
804414538
804414559
804414563
804414567
804414583
804414600
804414663
804414717
804414720
804414735
804414758
804414775
804414911
804414919
804415101
804531047
804615920
804722180
804763405
804843559
804843639
804857806
805181384
805181384
805181414
805181423
805181434
805181441
805181460
805181469
805181534
805181552
805181564
805181581
805181585
805181594
805181632
805181658
805181666
805181670
805181679
805181717
805181762
805181763
805181843
805181880
805182017
805182062
805182185
805182229
805182363
805182445
805182506
805182543
805182686
805182888
805183017
805183073
805183085
805183087
805183325
805183466
805186837
805186885
805186931
805186933
805186939
805186964
805187020
805187021
805187053
805187070
805187077
805187079
805187081
805187083
805187091
805187094
805187095
805187118
805187129
805187225
805416062
805477362
805477373
805477387
805477395
805477474
805477496
805477504
805477510
805477533
805477546
805477556
805477557
805477565
805477590
805477615
805477624
805477631
805477648
805477665
805477671
805477675
805477681
805477720
805477731
805477743
805477744
805477751
805477752
805477763
805477787
805477806
805477812
805477813
805477817
805477826
805477832
805477837
805477857
805477863
805477867
805477870
805477873
805477875
805477894
805477901
805477910
805477918
805477928
805477935
805477970
805477978
805478003
805478028
805478035
805478042
805478050
805478051
805478079
805478096
805478103
805478117
805478123
805478143
805478163
805478190
805478195
805478234
805478277
805478372
805478432
805669109